610
1695
1944
2996
5271
5434
5814
7417
8090
9353
9552
10309
12339
12719
14637
14742
16073
16118
16834
17526
19049
19729
19788
19860
20163
20308
20441
21327
21816
23714
25594
27003
27658
29199
29458
30118
30285
31028
31672
33038
33273
33728
33958
34962
37282
38787
40107
40315
41854
42846
43084
44669
47200
47865
48087
48573
48806
50828
50887
51862
52012
55832
56905
57019
57610
58668
59168
61151
61941
64995
65177
67032
67530
67733
71180
71586
73148
74274
76944
78142
78903
81083
81768
84887
84930
86118
88112
89634
89920
90319
90426
90618
90660
90853
93748
93954
94444
94779
94967
95418